%YAML:1.0

cam0:
  T_cam_imu:
   - [0.009542588694966964, -0.9999544223948564, 0.00030353577258973585, 0.03240685024568386]
   - [-0.018567437960564537, -0.0004806867431923212, -0.9998274947148797, 0.008005526206789057]
   - [0.9997820708777372, 0.00953530666635699, -0.018571178697090074, -0.03553427403971736]
   - [0.0, 0.0, 0.0, 1.0]
  cam_overlaps: [1]
  camera_model: pinhole
  distortion_coeffs: [0.22039037385953056, 0.1651624526183959, 0.14954049024621807, -0.16677773931202422]
  distortion_model: equidistant
  intrinsics: [255.11894095173966, 255.48746055028477, 315.84423411969135, 174.7525148057589]
  resolution: [640, 360]
  rostopic: /zed2i/zed_node/left_raw/image_raw_color
  timeshift_cam_imu: 0.009112553125257345
cam1:
  T_cam_imu:
   - [-0.0005596878398595739, -0.9999949395646526, 0.0031317079379726276, -0.08889804768303533]
   - [-0.01780200592356157, -0.0031212486329835476, -0.9998366598560329, 0.007967595288661823]
   - [0.9998413750863779, -0.0006153471036298708, -0.017800168912756542, -0.03615359883760174]
   - [0.0, 0.0, 0.0, 1.0]
  T_cn_cnm1:
   - [0.9999449719046863, -0.0026400914218498543, -0.01015298378887713, -0.12164275822868394]
   - [0.002647742960458929, 0.99999622073135, 0.0007402568671544499, -9.740118232443402e-05]
   - [0.01015099107221887, -0.0007670986235836618, 0.999948183127481, -0.0009439866922206742]
   - [0.0, 0.0, 0.0, 1.0]
  cam_overlaps: [0]
  camera_model: pinhole
  distortion_coeffs: [0.2204570279940204, 0.1509214970658256, 0.18394877289981923, -0.1976593530123807]
  distortion_model: equidistant
  intrinsics: [254.72546365161998, 255.26785299389874, 323.4079662590679, 184.46913559275237]
  resolution: [640, 360]
  rostopic: /zed2i/zed_node/right_raw/image_raw_color
  timeshift_cam_imu: 0.009870479097862934

