%YAML:1.0

cam0:
  T_cam_imu:
    - [-0.018839137459386646, -0.9996603929589706, 0.01800515617542664, 0.030006009578047155]
    - [-0.0843014176739788, -0.016356034710513112, -0.9963060529308775, 0.0520876371617525]
    - [0.996262193339656, -0.020287406873813585, -0.08396465473276604, -0.05528847112923242]
    - [0.0, 0.0, 0.0, 1.0]
  cam_overlaps: [1]
  camera_model: pinhole
  distortion_coeffs: [-0.004001997076963717, -0.015087445328344901, -0.001015724608271079, -8.434905115367071e-05]
  distortion_model: radtan
  intrinsics: [118.10833097822476, 117.95755443502922, 187.87157185163798, 102.82870185633412]
  resolution: [320, 240]
  rostopic: /elp/left/image_raw

cam1:
  T_cam_imu:
    - [-0.033207201760541344, -0.999285710839602, 0.018037457221737718, -0.029485705579286557]
    - [-0.08558065215195115, -0.015138126759536158, -0.9962162361131539, 0.052178586377524275]
    - [0.9957777029681281, -0.03462521090193588, -0.08501682799019863, -0.05440378471817426]
    - [0.0, 0.0, 0.0, 1.0]
  cam_overlaps: [0]
  camera_model: pinhole
  distortion_coeffs: [-0.006003916218375941, -0.014628422752205302, -0.001100753571674509, -0.00046756517140586235]
  distortion_model: radtan  
  intrinsics: [117.87557428893038, 117.69969781000532, 185.21615257042583, 105.69038052334996]
  resolution: [320, 240]
  rostopic: /elp/right/image_raw
