%YAML:1.0

cam0:
  T_cam_imu:
   - [-0.010595900628542515, -0.9997962813967148, -0.017179132549976106, 0.03744323052229889]
   - [-0.04011897290509603, 0.01759132170183547, -0.9990400459510225, 0.026050011819726434]
   - [0.9991387265554812, -0.00989651989752599, -0.04029719582064792, -0.1182202463726503]
   - [0.0, 0.0, 0.0, 1.0]
  cam_overlaps: [1]
  camera_model: pinhole
  distortion_coeffs: [-0.0027686729347371005, -0.015543682117166401, 0.00044206146017128746, -0.00126912061623092]
  distortion_model: radtan
  intrinsics: [475.34087276241985, 475.0491262795829, 750.6669441748322, 264.3850261568722]
  resolution: [1280, 720]
  rostopic: /elp/split_sync_image_node/left/image_raw
  timeshift_cam_imu: -0.04388698689974438
cam1:
  T_cam_imu:
   - [-0.023557432880218304, -0.9995634147040906, -0.017833321092613708, -0.021697786820732007]
   - [-0.04469799908994293, 0.01887352784304025, -0.9988222458596492, 0.026707357517511514]
   - [0.998722752436055, -0.02273257424613928, -0.04512309646615889, -0.11697215586803696]
   - [0.0, 0.0, 0.0, 1.0]
  T_cn_cnm1:
   - [0.9999157582460723, 0.0011776603458144045, -0.012926311434198064, -0.06069669284798754]
   - [-0.0012371676421695692, 0.9999886705148658, -0.004596548502713136, 0.00016055928777265703]
   - [0.012920751812845565, 0.004612153295644246, 0.9999058866786263, 0.0006330230680577898]
   - [0.0, 0.0, 0.0, 1.0]
  cam_overlaps: [0]
  camera_model: pinhole
  distortion_coeffs: [-0.007495862074881127, -0.012497945446051935, 0.00018307620865374444, -0.0018425983138574671]
  distortion_model: radtan
  intrinsics: [474.5070510785473, 474.25267721510846, 738.5954050469871, 277.93855779223696]
  resolution: [1280, 720]
  rostopic: /elp/split_sync_image_node/right/image_raw
  timeshift_cam_imu: -0.04391715673886397

