%YAML:1.0

cam0:
  T_imu_cam: #rotation from camera to IMU R_CtoI, position of camera in IMU p_CinI
    - [-0.9999978098090271, 0.0009562504058313491, -0.0018617095131450133, 0.03328954882365323]
    - [-0.0018617634171524096, -5.5483116450866945e-05, 0.9999982653777975, 0.14071703784765657]
    - [0.0009561454536524477, 0.999999541253288, 5.726330695543997e-05, -0.0006179698390819379]
    - [0.0, 0.0, 0.0, 1.0]
  cam_overlaps: [1]
  camera_model: pinhole
  distortion_coeffs: [0.0006002591070415938, 0.001055510329163747, -0.00010733250438471738, -0.00041212063573788945]
  distortion_model: radtan
  intrinsics: [381.4357977083258, 381.51587004436465, 319.5725275530086, 239.5553294348983] #fu, fv, cu, cv 
  resolution: [640, 480]
  rostopic: /stereo_camera/left/image_raw
cam1:
  T_imu_cam: #rotation from camera to IMU R_CtoI, position of camera in IMU p_CinI #CHECAR se é T_ic ou T_ci
    - [-0.999997767428626, 0.0010003320335966127, -0.0018613096427186324, -0.03652824285283584]
    - [-0.0018613635430082922, -5.2954108420881094e-05, 0.9999982662593084, 0.1407173471809905]
    - [0.0010002317352876362, 0.9999994982657164, 5.481597177525345e-05, -0.0006086798406451733]
    - [0.0, 0.0, 0.0, 1.0]
  cam_overlaps: [0]
  camera_model: pinhole
  distortion_coeffs: [0.0006173649441234344, 0.0012033976692198175, -0.00010793464805585434, -0.00034575239389886557]
  distortion_model: radtan
  intrinsics:  [381.3797855748409, 381.49774000285214, 319.57137078091944, 239.55419599743723] #fu, fv, cu, cv
  resolution: [640, 480]
  rostopic: /stereo_camera/right/image_raw