%YAML:1.0 # need to specify the file type at the top!

cam0:
  T_cam_imu:
    - [0.019317522430752326, -0.99979453207985, 0.006142226825093022, 0.0010843470192621399]
    - [0.00851728504563165, -0.005978589815837432, -0.9999458546937754, 0.050251685467955026]
    - [0.9997771197534921, 0.019368791574269018, 0.008400043473916347, -0.07980653606326057]
    - [0.0, 0.0, 0.0, 1.0]
  cam_overlaps: []
  camera_model: pinhole
  distortion_coeffs: [-0.39597201683610445, 0.15747395668504283, 0.0005158944253167365, 0.0004425510907193097]
  distortion_model: radtan
  intrinsics: [554.855057495996, 552.2902928729004, 379.7686965176806, 199.04736240890364]
  resolution: [752, 480]
  rostopic: /camera/image_mono
  timeshift_cam_imu: -0.020187395528873598

